1,1,1
2,2,1
3,2,2
4,1,3
5,3,1
6,3,2
7,4,1
8,4,2
9,5,1
10,5,2
11,6,1
12,6,3
13,7,1
14,7,2
15,8,1
16,8,2
17,9,1
18,9,2
19,10,1
20,10,2
21,11,1
22,11,2
23,12,1
24,12,2
25,13,1
26,13,2
27,14,1
28,14,2
29,15,1
30,15,2
31,16,1
32,16,2
33,17,4
35,17,2
34,33,2
36,33,4
37,34,2
38,34,4
39,35,2
40,35,4
41,36,2
42,36,4
43,37,2
44,37,4
45,38,2
46,38,4
47,39,2
48,39,4
49,32,1
50,32,2
51,31,1
52,31,2
53,30,1
54,30,2
55,29,1
56,29,2
57,28,1
58,28,2
59,27,1
60,27,2
61,26,1
62,26,2
63,25,1
64,25,2
65,24,1
66,24,2
67,23,1
68,23,3
69,22,1
70,22,2
71,21,1
72,21,2
73,20,1
74,20,2
75,19,1
76,19,2
77,18,1
78,18,3
79,40,1
80,40,2
81,41,5
82,41,6
83,42,5
84,42,6
85,43,5
86,43,6
87,44,5
88,44,6
89,45,5
90,45,6
91,46,5
92,46,6
93,47,5
94,47,6
95,48,5
96,48,6
97,49,5
98,49,6
99,50,5
100,50,6
101,51,2
102,51,5
103,52,2
104,52,5
105,53,2
106,53,5
107,54,2
108,54,5
109,55,2
110,55,5
111,56,2
112,56,5
113,50,7
114,48,7
115,46,7
116,44,7
117,42,7
118,57,8
